header:
  seq: 0
  stamp:
    secs: 0
    nsecs: 0
  frame_id: front_6mm
height: 1080
width: 1920
distortion_model: plumb_bob
D: [-0.5397051, 0.248527408, -4.0455732e-03, 2.57734725e-03, -2.49435002e-02]
K: [1976.493655, 0.0, 927.8911517, 0.0, 1988.7514606, 605.10634895, 0.0, 0.0, 1.0]
R: [1.000000, 0.000000, 0.000000, 0.000000, 1.000000, 0.000000, 0.000000, 0.000000, 1.000000]
P: [1677.96667480, 0.0, 921.545096, 0.0, 0.0, 1903.48474, 608.8850137, 0.0, 0.0, 0.0, 1.0, 0.0]
binning_x: 0
binning_y: 0
roi: 
  x_offset: 0
  y_offset: 0
  height: 0
  width: 0
  do_rectify: False