header:
  seq: 0
  stamp:
    secs: 0
    nsecs: 0
  frame_id: front_25mm
height: 1080
width: 1920
distortion_model: plumb_bob
D: [-3.3296812937499887e-01, 2.4389809862828550e+01, 7.4933002081280426e-04, -4.5135472565743462e-02, -3.2665280395102354e+02]
K: [8.4544471655412035e+03, 0.0, 3.6714963608369339e+02, 0.0, 8.3900961486949764e+03, 5.3885514636585594e+02, 0.0, 0.0, 1.0]
R: [1.000000, 0.000000, 0.000000, 0.000000, 1.000000, 0.000000, 0.000000, 0.000000, 1.000000]
binning_x: 0
binning_y: 0
roi: 
  x_offset: 0
  y_offset: 0
  height: 0
  width: 0
  do_rectify: False
